AdminData,TeamName
USER_ACCOUNT_10,TEST6VALO
